100 100
20 20
30 0
99 99
0 0
1 0
4 0
7 0
8 0
9 0
10 0
13 0
15 0
16 0
17 0
18 0
19 0
20 0
22 0
23 0
24 0
26 0
29 0
30 0
31 0
32 0
35 0
38 0
1 1
2 1
3 1
4 1
7 1
10 1
11 1
12 1
13 1
20 1
22 1
26 1
27 1
28 1
29 1
32 1
35 1
36 1
37 1
38 1
1 2
4 2
5 2
6 2
7 2
10 2
13 2
15 2
16 2
17 2
18 2
20 2
22 2
24 2
26 2
29 2
32 2
33 2
35 2
38 2
0 3
1 3
4 3
7 3
8 3
9 3
10 3
13 3
18 3
20 3
22 3
24 3
26 3
29 3
30 3
31 3
32 3
35 3
38 3
39 3
1 4
2 4
3 4
4 4
7 4
10 4
11 4
12 4
13 4
15 4
16 4
18 4
20 4
22 4
24 4
26 4
27 4
28 4
29 4
32 4
35 4
37 4
38 4
1 5
4 5
5 5
6 5
7 5
10 5
13 5
16 5
18 5
20 5
22 5
24 5
26 5
29 5
32 5
34 5
35 5
38 5
0 6
1 6
4 6
7 6
8 6
9 6
10 6
13 6
16 6
18 6
20 6
22 6
24 6
26 6
29 6
30 6
31 6
32 6
35 6
38 6
39 6
1 7
2 7
3 7
4 7
7 7
10 7
11 7
12 7
13 7
15 7
16 7
17 7
18 7
19 7
20 7
21 7
22 7
24 7
26 7
27 7
28 7
29 7
32 7
35 7
36 7
38 7
1 8
4 8
5 8
6 8
7 8
10 8
13 8
16 8
17 8
18 8
19 8
20 8
21 8
22 8
23 8
24 8
26 8
29 8
32 8
33 8
35 8
38 8
0 9
1 9
4 9
7 9
8 9
9 9
10 9
13 9
15 9
16 9
17 9
18 9
19 9
20 9
21 9
22 9
23 9
24 9
26 9
29 9
30 9
31 9
32 9
35 9
38 9
39 9
1 10
2 10
3 10
4 10
7 10
10 10
12 10
13 10
14 10
15 10
16 10
17 10
18 10
19 10
20 10
21 10
22 10
23 10
24 10
25 10
26 10
27 10
29 10
32 10
35 10
37 10
38 10
1 11
4 11
5 11
6 11
7 11
10 11
13 11
14 11
15 11
16 11
17 11
18 11
19 11
20 11
21 11
22 11
23 11
24 11
25 11
26 11
29 11
32 11
34 11
35 11
38 11
0 12
1 12
4 12
7 12
8 12
9 12
10 12
13 12
14 12
15 12
16 12
17 12
18 12
19 12
20 12
21 12
22 12
23 12
24 12
25 12
26 12
29 12
30 12
31 12
32 12
35 12
38 12
39 12
1 13
2 13
3 13
4 13
7 13
10 13
11 13
12 13
13 13
14 13
15 13
16 13
17 13
18 13
19 13
20 13
21 13
22 13
23 13
24 13
25 13
26 13
27 13
28 13
29 13
32 13
35 13
36 13
38 13
1 14
4 14
5 14
6 14
7 14
10 14
13 14
14 14
16 14
18 14
20 14
22 14
24 14
25 14
26 14
29 14
32 14
33 14
35 14
38 14
0 15
1 15
4 15
7 15
8 15
9 15
10 15
13 15
26 15
29 15
30 15
31 15
32 15
35 15
38 15
39 15
1 16
2 16
3 16
4 16
7 16
10 16
11 16
13 16
14 16
16 16
17 16
18 16
19 16
20 16
21 16
22 16
23 16
25 16
26 16
28 16
29 16
32 16
35 16
37 16
38 16
1 17
4 17
5 17
6 17
7 17
10 17
13 17
16 17
23 17
26 17
29 17
32 17
33 17
34 17
35 17
38 17
0 18
1 18
4 18
7 18
8 18
9 18
10 18
13 18
14 18
16 18
18 18
19 18
20 18
21 18
23 18
25 18
26 18
29 18
30 18
31 18
32 18
35 18
38 18
39 18
1 19
2 19
3 19
4 19
7 19
10 19
11 19
12 19
13 19
16 19
18 19
19 19
20 19
21 19
23 19
26 19
27 19
28 19
29 19
32 19
35 19
36 19
38 19
1 20
4 20
5 20
6 20
7 20
10 20
13 20
14 20
15 20
16 20
18 20
19 20
21 20
22 20
23 20
25 20
26 20
29 20
32 20
33 20
34 20
35 20
38 20
0 21
1 21
4 21
7 21
8 21
9 21
10 21
13 21
16 21
18 21
19 21
20 21
21 21
23 21
26 21
29 21
30 21
31 21
32 21
35 21
38 21
39 21
1 22
2 22
3 22
4 22
7 22
10 22
12 22
13 22
14 22
16 22
18 22
19 22
20 22
21 22
23 22
25 22
26 22
27 22
29 22
32 22
35 22
37 22
38 22
1 23
4 23
5 23
6 23
7 23
10 23
13 23
16 23
23 23
26 23
29 23
32 23
33 23
34 23
35 23
38 23
0 24
1 24
4 24
7 24
8 24
9 24
10 24
13 24
14 24
16 24
17 24
18 24
19 24
20 24
21 24
22 24
23 24
25 24
26 24
29 24
30 24
31 24
32 24
35 24
38 24
39 24
1 25
2 25
3 25
4 25
7 25
10 25
11 25
12 25
13 25
26 25
27 25
28 25
29 25
32 25
35 25
36 25
38 25
1 26
4 26
5 26
6 26
7 26
10 26
13 26
14 26
16 26
18 26
20 26
22 26
24 26
25 26
26 26
29 26
32 26
33 26
35 26
38 26
0 27
1 27
4 27
7 27
8 27
9 27
10 27
13 27
14 27
15 27
16 27
17 27
18 27
19 27
20 27
21 27
22 27
23 27
24 27
25 27
26 27
29 27
30 27
31 27
32 27
35 27
38 27
39 27
1 28
2 28
3 28
4 28
7 28
10 28
12 28
13 28
14 28
15 28
16 28
17 28
18 28
19 28
20 28
21 28
22 28
23 28
24 28
25 28
26 28
28 28
29 28
32 28
35 28
37 28
38 28
1 29
4 29
5 29
6 29
7 29
10 29
13 29
14 29
15 29
16 29
17 29
18 29
19 29
20 29
21 29
22 29
23 29
24 29
25 29
26 29
29 29
32 29
34 29
35 29
38 29
0 30
1 30
4 30
7 30
8 30
9 30
10 30
13 30
15 30
16 30
17 30
18 30
19 30
20 30
21 30
22 30
23 30
24 30
26 30
29 30
30 30
31 30
32 30
35 30
38 30
39 30
1 31
2 31
3 31
4 31
7 31
10 31
11 31
12 31
13 31
16 31
17 31
18 31
19 31
20 31
21 31
22 31
23 31
24 31
26 31
27 31
28 31
29 31
32 31
35 31
36 31
38 31
1 32
4 32
5 32
6 32
7 32
10 32
13 32
15 32
16 32
17 32
18 32
19 32
20 32
21 32
22 32
24 32
26 32
29 32
32 32
33 32
35 32
38 32
0 33
1 33
4 33
7 33
8 33
9 33
10 33
13 33
16 33
18 33
20 33
22 33
24 33
26 33
29 33
30 33
31 33
32 33
35 33
38 33
39 33
1 34
2 34
3 34
4 34
7 34
10 34
11 34
12 34
13 34
16 34
18 34
20 34
22 34
24 34
26 34
27 34
28 34
29 34
32 34
35 34
37 34
38 34
1 35
4 35
5 35
6 35
7 35
10 35
13 35
15 35
16 35
18 35
20 35
22 35
24 35
26 35
29 35
32 35
34 35
35 35
38 35
0 36
1 36
4 36
7 36
8 36
9 36
10 36
13 36
18 36
20 36
22 36
24 36
26 36
29 36
30 36
31 36
32 36
35 36
38 36
39 36
1 37
2 37
3 37
4 37
7 37
10 37
11 37
12 37
13 37
15 37
16 37
17 37
18 37
20 37
22 37
24 37
26 37
27 37
28 37
29 37
32 37
35 37
36 37
37 37
38 37
1 38
4 38
5 38
6 38
7 38
10 38
13 38
20 38
22 38
26 38
29 38
32 38
33 38
35 38
38 38
0 39
1 39
4 39
7 39
8 39
9 39
10 39
13 39
15 39
16 39
17 39
18 39
19 39
20 39
22 39
23 39
24 39
26 39
29 39
30 39
31 39
32 39
35 39
38 39
39 39
 
