40 40
2 2
37 37
1 1
1 2
1 3
1 5
1 6
1 7
1 9
1 12
1 14
1 15
1 16
1 17
1 18
1 20
1 21
1 22
1 24
1 25
1 26
1 28
1 30
1 31
1 34
1 35
1 36
1 37
2 1
2 3
2 5
2 7
2 9
2 10
2 12
2 14
2 16
2 18
2 19
2 20
2 22
2 23
2 24
2 26
2 28
2 30
2 32
2 33
2 34
2 36
2 38
3 1
3 2
3 3
3 5
3 10
3 12
3 14
3 15
3 17
3 18
3 20
3 22
3 26
3 28
3 30
3 34
3 36
3 37
3 38
4 1
4 5
4 6
4 7
4 9
4 10
4 12
4 13
4 14
4 18
4 19
4 20
4 22
4 24
4 25
4 26
4 28
4 29
4 30
4 31
4 32
4 34
4 36
4 38
5 1
5 2
5 4
5 7
5 8
5 9
5 10
5 12
5 14
5 15
5 17
5 18
5 20
5 22
5 24
5 26
5 28
5 32
5 33
5 34
5 38
6 2
6 4
6 5
6 6
6 7
6 10
6 12
6 14
6 16
6 18
6 19
6 20
6 22
6 26
6 28
6 30
6 31
6 32
6 34
6 36
6 38
7 2
7 5
7 9
7 10
7 12
7 14
7 15
7 16
7 17
7 18
7 20
7 21
7 22
7 24
7 26
7 28
7 30
7 36
7 37
7 38
8 2
8 4
8 5
8 7
8 8
8 9
8 12
8 15
8 21
8 24
8 25
8 26
8 28
8 30
8 32
8 33
8 34
8 35
8 36
8 38
9 2
9 5
9 7
9 9
9 10
9 12
9 13
9 14
9 15
9 16
9 17
9 18
9 19
9 20
9 21
9 26
9 28
9 30
9 32
9 37
9 38
10 2
10 7
10 9
10 12
10 17
10 22
10 23
10 24
10 26
10 28
10 30
10 31
10 33
10 34
10 35
10 36
10 37
11 1
11 2
11 3
11 4
11 5
11 6
11 7
11 9
11 10
11 12
11 14
11 15
11 17
11 19
11 20
11 22
11 24
11 26
11 28
11 29
11 31
11 33
11 36
12 1
12 6
12 8
12 9
12 12
12 14
12 17
12 20
12 22
12 24
12 26
12 29
12 30
12 31
12 33
12 34
12 36
12 37
12 38
13 1
13 2
13 3
13 4
13 5
13 6
13 8
13 10
13 12
13 14
13 17
13 20
13 22
13 24
13 26
13 28
13 29
13 32
13 33
13 38
14 2
14 4
14 6
14 8
14 10
14 12
14 14
14 15
14 17
14 19
14 20
14 22
14 24
14 26
14 28
14 32
14 34
14 36
14 37
14 38
15 1
15 2
15 3
15 4
15 5
15 6
15 8
15 9
15 10
15 12
15 14
15 17
15 20
15 22
15 24
15 25
15 26
15 28
15 30
15 32
15 33
15 34
15 36
15 38
16 2
16 4
16 6
16 12
16 14
16 15
16 16
16 17
16 18
16 19
16 20
16 21
16 22
16 28
16 29
16 30
16 32
16 34
16 36
16 37
16 38
17 1
17 2
17 3
17 4
17 5
17 6
17 7
17 9
17 10
17 11
17 12
17 22
17 23
17 24
17 25
17 26
17 28
17 30
17 32
17 33
17 34
17 38
18 1
18 8
18 9
18 12
18 13
18 14
18 15
18 16
18 17
18 18
18 20
18 26
18 28
18 29
18 30
18 32
18 35
18 36
18 38
19 1
19 3
19 5
19 6
19 7
19 9
19 10
19 12
19 15
19 18
19 19
19 20
19 22
19 23
19 24
19 25
19 26
19 28
19 30
19 32
19 33
19 34
19 35
19 37
20 1
20 3
20 5
20 7
20 10
20 12
20 14
20 15
20 16
20 17
20 18
20 20
20 22
20 28
20 29
20 30
20 32
20 35
20 36
20 37
20 38
21 1
21 2
21 3
21 4
21 5
21 7
21 10
21 12
21 20
21 22
21 23
21 24
21 25
21 26
21 28
21 30
21 32
21 34
21 38
22 5
22 7
22 8
22 10
22 12
22 13
22 14
22 15
22 16
22 17
22 18
22 19
22 20
22 26
22 28
22 29
22 30
22 32
22 34
22 35
22 36
22 38
23 1
23 2
23 3
23 4
23 5
23 8
23 10
23 12
23 14
23 16
23 18
23 20
23 22
23 23
23 24
23 25
23 26
23 28
23 30
23 32
23 33
23 34
23 38
24 1
24 3
24 5
24 7
24 8
24 10
24 12
24 20
24 28
24 29
24 30
24 32
24 34
24 36
24 37
24 38
25 1
25 7
25 10
25 12
25 14
25 15
25 16
25 17
25 18
25 20
25 21
25 22
25 23
25 24
25 25
25 27
25 28
25 34
26 1
26 2
26 3
26 5
26 7
26 8
26 10
26 12
26 14
26 20
26 25
26 27
26 30
26 31
26 32
26 34
26 35
26 36
26 37
26 38
27 1
27 3
27 5
27 10
27 12
27 14
27 16
27 17
27 18
27 20
27 22
27 23
27 24
27 25
27 27
27 29
27 30
27 32
27 33
27 38
28 1
28 3
28 5
28 7
28 8
28 9
28 10
28 12
28 14
28 16
28 20
28 25
28 27
28 29
28 31
28 33
28 35
28 37
28 38
29 1
29 3
29 5
29 7
29 12
29 14
29 16
29 18
29 19
29 20
29 21
29 23
29 25
29 27
29 29
29 31
29 33
29 35
29 38
30 1
30 3
30 5
30 7
30 8
30 9
30 10
30 12
30 14
30 16
30 18
30 19
30 21
30 23
30 25
30 27
30 29
30 31
30 33
30 35
30 37
30 38
31 1
31 3
31 5
31 10
31 12
31 14
31 16
31 18
31 19
31 20
31 21
31 23
31 24
31 25
31 26
31 27
31 29
31 31
31 33
31 35
31 38
32 1
32 3
32 5
32 7
32 8
32 9
32 10
32 12
32 14
32 16
32 18
32 19
32 20
32 21
32 25
32 27
32 29
32 30
32 31
32 33
32 35
32 37
32 38
33 1
33 3
33 5
33 7
33 10
33 12
33 14
33 16
33 21
33 23
33 25
33 26
33 27
33 32
33 33
33 35
33 38
34 1
34 3
34 4
34 5
34 8
34 10
34 12
34 14
34 16
34 17
34 18
34 19
34 20
34 21
34 22
34 23
34 25
34 27
34 29
34 31
34 32
34 35
34 37
34 38
35 1
35 5
35 6
35 7
35 8
35 9
35 10
35 12
35 14
35 16
35 23
35 25
35 26
35 27
35 29
35 31
35 34
35 35
35 38
36 1
36 3
36 5
36 8
36 10
36 12
36 14
36 16
36 17
36 18
36 19
36 21
36 22
36 23
36 25
36 29
36 30
36 31
36 32
36 33
36 34
36 36
36 37
36 38
37 3
37 5
37 7
37 10
37 12
37 14
37 19
37 28
37 29
37 32
37 36
37 38
38 1
38 2
38 3
38 4
38 5
38 7
38 8
38 9
38 10
38 12
38 14
38 15
38 16
38 17
38 18
38 19
38 20
38 21
38 22
38 23
38 24
38 25
38 26
38 27
38 28
38 30
38 31
38 32
38 36
38 37
38 38

