41 41
25 7
25 7
1 1
1 2
1 3
1 4
1 5
1 7
1 8
1 9
1 10
1 11
1 12
1 13
1 15
1 16
1 17
1 18
1 19
1 21
1 23
1 24
1 25
1 26
1 27
1 28
1 29
1 30
1 31
1 32
1 33
1 35
1 37
1 38
1 39
2 5
2 9
2 15
2 19
2 21
2 31
2 33
2 35
2 37
2 39
3 1
3 3
3 5
3 6
3 7
3 9
3 10
3 11
3 12
3 13
3 14
3 15
3 17
3 19
3 20
3 21
3 23
3 24
3 25
3 26
3 27
3 28
3 29
3 31
3 32
3 33
3 35
3 36
3 37
3 39
4 1
4 3
4 7
4 9
4 17
4 21
4 23
4 27
4 29
4 31
4 33
4 35
4 37
4 39
5 1
5 2
5 3
5 4
5 5
5 6
5 7
5 9
5 10
5 11
5 13
5 14
5 15
5 16
5 17
5 18
5 19
5 21
5 22
5 23
5 25
5 26
5 27
5 29
5 31
5 32
5 33
5 35
5 37
5 39
6 1
6 11
6 13
6 19
6 21
6 29
6 31
6 33
6 39
7 1
7 2
7 3
7 5
7 6
7 7
7 9
7 10
7 11
7 13
7 14
7 15
7 16
7 17
7 19
7 21
7 23
7 24
7 25
7 26
7 27
7 29
7 30
7 31
7 32
7 33
7 34
7 35
7 36
7 37
7 38
7 39
8 3
8 7
8 9
8 13
8 17
8 19
8 21
8 23
8 27
8 29
8 39
9 1
9 2
9 3
9 5
9 6
9 7
9 9
9 11
9 12
9 13
9 14
9 15
9 16
9 17
9 19
9 21
9 22
9 23
9 25
9 26
9 27
9 29
9 31
9 32
9 33
9 34
9 35
9 36
9 37
9 39
10 1
10 5
10 7
10 9
10 11
10 13
10 17
10 19
10 25
10 27
10 31
10 37
10 39
11 1
11 3
11 4
11 5
11 7
11 9
11 11
11 13
11 14
11 15
11 16
11 17
11 19
11 21
11 22
11 23
11 25
11 27
11 28
11 29
11 31
11 33
11 34
11 35
11 37
11 39
12 1
12 3
12 9
12 11
12 13
12 15
12 19
12 21
12 23
12 25
12 27
12 31
12 35
12 37
12 39
13 1
13 3
13 4
13 5
13 6
13 7
13 8
13 9
13 11
13 12
13 13
13 15
13 17
13 18
13 19
13 21
13 23
13 24
13 25
13 27
13 28
13 29
13 30
13 31
13 32
13 33
13 34
13 35
13 37
13 39
14 1
14 3
14 5
14 7
14 15
14 17
14 23
14 25
14 31
14 37
14 39
15 1
15 3
15 5
15 7
15 9
15 10
15 11
15 12
15 13
15 14
15 15
15 17
15 18
15 19
15 20
15 21
15 23
15 25
15 27
15 28
15 29
15 31
15 33
15 34
15 35
15 36
15 37
15 39
16 1
16 7
16 9
16 21
16 25
16 27
16 29
16 31
16 33
16 39
17 1
17 2
17 3
17 4
17 5
17 7
17 9
17 11
17 12
17 13
17 14
17 15
17 17
17 18
17 19
17 20
17 21
17 23
17 25
17 26
17 27
17 29
17 31
17 32
17 33
17 35
17 36
17 37
17 38
17 39
18 5
18 7
18 8
18 9
18 10
18 11
18 15
18 21
18 23
18 25
18 29
18 31
18 35
19 1
19 2
19 3
19 5
19 7
19 8
19 9
19 10
19 11
19 13
19 15
19 16
19 17
19 18
19 19
19 21
19 23
19 24
19 25
19 27
19 28
19 29
19 31
19 33
19 34
19 35
19 37
19 38
19 39
20 1
20 3
20 5
20 7
20 10
20 11
20 13
20 19
20 21
20 27
20 29
20 31
20 35
20 37
21 1
21 2
21 3
21 5
21 6
21 7
21 8
21 11
21 13
21 14
21 15
21 16
21 17
21 19
21 21
21 22
21 23
21 24
21 25
21 27
21 28
21 29
21 31
21 32
21 33
21 35
21 37
21 38
21 39
22 1
22 7
22 8
22 9
22 10
22 11
22 15
22 19
22 21
22 23
22 25
22 27
22 29
22 30
22 31
22 33
22 35
22 37
22 39
23 1
23 2
23 3
23 4
23 5
23 6
23 7
23 8
23 9
23 10
23 11
23 12
23 13
23 15
23 17
23 18
23 19
23 21
23 23
23 25
23 26
23 27
23 28
23 30
23 32
23 33
23 35
23 37
23 39
24 5
24 13
24 15
24 17
24 19
24 28
24 29
24 31
24 32
24 35
24 39
25 1
25 2
25 3
25 5
25 8
25 9
25 10
25 11
25 12
25 13
25 15
25 16
25 17
25 19
25 20
25 21
25 22
25 23
25 25
25 27
25 28
25 30
25 32
25 33
25 34
25 35
25 36
25 37
25 38
25 39
26 1
26 3
26 5
26 9
26 23
26 25
26 27
26 29
26 30
26 31
26 33
26 39
27 1
27 2
27 3
27 5
27 6
27 7
27 9
27 10
27 11
27 13
27 14
27 15
27 17
27 18
27 19
27 20
27 21
27 22
27 23
27 25
27 26
27 27
27 28
27 29
27 31
27 32
27 33
27 35
27 37
27 38
27 39
28 1
28 3
28 7
28 11
28 13
28 15
28 17
28 25
28 29
28 35
28 37
29 1
29 2
29 3
29 5
29 7
29 8
29 9
29 11
29 13
29 15
29 17
29 19
29 20
29 21
29 22
29 23
29 25
29 26
29 27
29 29
29 31
29 32
29 33
29 35
29 36
29 37
29 39
30 1
30 5
30 9
30 11
30 13
30 15
30 17
30 21
30 27
30 29
30 31
30 33
30 35
30 39
31 1
31 2
31 3
31 5
31 6
31 7
31 8
31 9
31 11
31 12
31 13
31 15
31 17
31 18
31 19
31 21
31 22
31 23
31 24
31 25
31 27
31 29
31 31
31 32
31 33
31 35
31 36
31 37
31 38
31 39
32 1
32 3
32 5
32 11
32 15
32 19
32 21
32 25
32 27
32 29
32 31
32 33
32 35
32 39
33 1
33 3
33 5
33 7
33 8
33 9
33 10
33 11
33 13
33 14
33 15
33 17
33 19
33 21
33 22
33 23
33 25
33 27
33 29
33 30
33 31
33 32
33 33
33 34
33 35
33 37
33 38
33 39
34 1
34 3
34 5
34 9
34 13
34 17
34 19
34 21
34 25
34 27
34 35
34 39
35 1
35 3
35 5
35 6
35 7
35 9
35 10
35 11
35 13
35 15
35 16
35 17
35 18
35 19
35 21
35 22
35 23
35 25
35 26
35 27
35 29
35 30
35 31
35 32
35 33
35 35
35 36
35 37
36 1
36 3
36 7
36 9
36 11
36 13
36 15
36 21
36 29
36 33
36 37
37 1
37 3
37 4
37 5
37 7
37 9
37 11
37 12
37 13
37 15
37 16
37 17
37 18
37 19
37 21
37 23
37 24
37 25
37 26
37 27
37 29
37 31
37 32
37 33
37 35
37 36
37 37
37 39
38 1
38 3
38 7
38 13
38 15
38 17
38 19
38 23
38 25
38 27
38 29
38 31
38 35
38 37
38 39
39 1
39 3
39 4
39 5
39 6
39 7
39 8
39 9
39 10
39 11
39 12
39 13
39 15
39 17
39 19
39 20
39 21
39 22
39 23
39 25
39 27
39 28
39 29
39 31
39 32
39 33
39 34
39 35
39 37
39 38
39 39

