40 40
22 19
17 18
1 1
1 2
1 3
1 4
1 5
1 6
1 7
1 8
1 9
1 10
1 11
1 12
1 13
1 14
1 15
1 16
1 17
1 18
1 19
1 20
1 21
1 22
1 23
1 24
1 25
1 26
1 27
1 28
1 29
1 30
1 31
1 32
1 33
1 34
1 35
1 36
1 37
1 38
2 1
2 2
2 3
2 4
2 5
2 6
2 7
2 8
2 9
2 10
2 11
2 12
2 13
2 14
2 15
2 16
2 17
2 18
2 19
2 20
2 21
2 22
2 23
2 24
2 25
2 26
2 27
2 28
2 29
2 30
2 31
2 32
2 33
2 34
2 35
2 36
2 37
2 38
3 1
3 2
3 4
3 34
3 37
3 38
4 1
4 2
4 4
4 5
4 6
4 7
4 8
4 9
4 10
4 11
4 12
4 13
4 14
4 15
4 16
4 17
4 18
4 20
4 21
4 22
4 23
4 25
4 26
4 27
4 29
4 30
4 31
4 33
4 34
4 35
4 37
4 38
5 1
5 2
5 4
5 6
5 8
5 10
5 12
5 14
5 16
5 18
5 19
5 21
5 23
5 25
5 27
5 28
5 29
5 31
5 32
5 33
5 35
5 37
5 38
6 1
6 2
6 4
6 6
6 8
6 10
6 12
6 14
6 16
6 18
6 20
6 21
6 23
6 24
6 25
6 26
6 27
6 29
6 30
6 31
6 33
6 34
6 35
6 37
6 38
7 1
7 2
7 3
7 5
7 7
7 9
7 11
7 13
7 15
7 17
7 18
7 19
7 21
7 23
7 25
7 27
7 28
7 29
7 31
7 32
7 33
7 35
7 37
7 38
8 1
8 2
8 4
8 5
8 6
8 7
8 8
8 9
8 10
8 11
8 12
8 13
8 14
8 15
8 16
8 18
8 20
8 21
8 23
8 24
8 25
8 26
8 27
8 29
8 30
8 31
8 33
8 34
8 35
8 37
8 38
9 1
9 2
9 3
9 5
9 7
9 10
9 13
9 15
9 17
9 18
9 19
9 21
9 23
9 25
9 28
9 29
9 31
9 32
9 33
9 35
9 37
9 38
10 1
10 2
10 4
10 5
10 6
10 7
10 8
10 9
10 10
10 11
10 12
10 13
10 14
10 15
10 16
10 18
10 20
10 21
10 24
10 27
10 30
10 34
10 35
10 37
10 38
11 1
11 2
11 3
11 5
11 7
11 10
11 13
11 16
11 18
11 19
11 21
11 23
11 24
11 25
11 26
11 27
11 28
11 29
11 30
11 31
11 32
11 33
11 37
11 38
12 1
12 2
12 4
12 5
12 7
12 9
12 10
12 11
12 13
12 15
12 16
12 17
12 18
12 19
12 21
12 22
12 24
12 27
12 30
12 33
12 35
12 36
12 37
12 38
13 1
13 2
13 3
13 5
13 6
13 7
13 8
13 9
13 11
13 12
13 13
13 24
13 26
13 27
13 28
13 30
13 32
13 33
13 34
13 37
13 38
14 1
14 2
14 4
14 5
14 7
14 9
14 10
14 11
14 13
14 15
14 16
14 17
14 18
14 19
14 20
14 21
14 22
14 23
14 24
14 25
14 26
14 28
14 29
14 30
14 31
14 32
14 34
14 35
14 36
14 37
14 38
15 1
15 2
15 3
15 5
15 7
15 10
15 13
15 15
15 24
15 26
15 27
15 28
15 30
15 32
15 33
15 34
15 37
15 38
16 1
16 2
16 4
16 5
16 6
16 7
16 8
16 9
16 10
16 11
16 12
16 13
16 15
16 17
16 18
16 19
16 20
16 21
16 22
16 24
16 27
16 30
16 33
16 37
16 38
17 1
17 2
17 3
17 5
17 7
17 10
17 13
17 15
17 17
17 19
17 20
17 22
17 24
17 25
17 26
17 27
17 28
17 29
17 30
17 31
17 32
17 33
17 35
17 37
17 38
18 4
18 5
18 7
18 9
18 10
18 11
18 13
18 15
18 17
18 18
18 19
18 20
18 22
18 24
18 27
18 30
18 35
18 37
18 38
19 1
19 2
19 3
19 5
19 6
19 7
19 8
19 9
19 11
19 12
19 13
19 15
19 17
19 19
19 22
19 24
19 26
19 27
19 28
19 30
19 32
19 33
19 35
19 37
19 38
20 1
20 2
20 4
20 5
20 7
20 9
20 10
20 11
20 13
20 15
20 18
20 20
20 22
20 24
20 25
20 26
20 28
20 29
20 30
20 31
20 32
20 33
20 34
20 35
20 36
21 1
21 2
21 3
21 5
21 7
21 10
21 13
21 15
21 17
21 18
21 19
21 20
21 22
21 24
21 26
21 27
21 28
21 30
21 32
21 33
21 35
21 37
21 38
22 1
22 2
22 4
22 5
22 6
22 7
22 8
22 9
22 10
22 11
22 12
22 13
22 15
22 17
22 18
22 20
22 22
22 24
22 27
22 30
22 35
22 37
22 38
23 1
23 2
23 3
23 5
23 7
23 10
23 13
23 15
23 16
23 17
23 18
23 19
23 20
23 22
23 24
23 25
23 26
23 27
23 28
23 29
23 30
23 31
23 32
23 33
23 35
23 37
23 38
24 1
24 2
24 4
24 5
24 7
24 9
24 10
24 11
24 13
24 22
24 24
24 27
24 30
24 33
24 37
24 38
25 1
25 2
25 3
25 5
25 6
25 7
25 8
25 9
25 11
25 12
25 13
25 14
25 15
25 16
25 17
25 18
25 19
25 20
25 21
25 22
25 24
25 26
25 27
25 28
25 30
25 32
25 33
25 34
25 37
25 38
26 1
26 2
26 4
26 5
26 7
26 9
26 10
26 11
26 13
26 23
26 24
26 25
26 26
26 28
26 29
26 30
26 31
26 32
26 34
26 35
26 36
26 37
26 38
27 1
27 2
27 3
27 5
27 7
27 10
27 13
27 17
27 18
27 20
27 21
27 22
27 24
27 26
27 27
27 28
27 30
27 32
27 33
27 34
27 37
27 38
28 1
28 2
28 4
28 5
28 6
28 7
28 8
28 9
28 10
28 11
28 12
28 13
28 14
28 15
28 16
28 18
28 20
28 21
28 22
28 24
28 27
28 30
28 33
28 35
28 37
28 38
29 1
29 2
29 3
29 5
29 7
29 10
29 13
29 15
29 17
29 18
29 20
29 23
29 24
29 25
29 26
29 27
29 28
29 29
29 30
29 31
29 32
29 33
29 35
29 37
29 38
30 1
30 2
30 4
30 5
30 6
30 7
30 8
30 9
30 10
30 11
30 12
30 13
30 14
30 15
30 16
30 18
30 20
30 21
30 22
30 24
30 27
30 30
30 35
30 37
30 38
31 1
31 2
31 3
31 5
31 7
31 9
31 11
31 13
31 15
31 17
31 18
31 20
31 22
31 25
31 26
31 28
31 29
31 31
31 32
31 33
31 34
31 35
31 37
31 38
32 1
32 2
32 4
32 8
32 10
32 12
32 14
32 16
32 18
32 20
32 22
32 25
32 26
32 28
32 29
32 31
32 37
32 38
33 1
33 2
33 4
33 5
33 6
33 8
33 9
33 10
33 11
33 12
33 13
33 14
33 15
33 16
33 17
33 18
33 20
33 22
33 23
33 24
33 25
33 26
33 27
33 28
33 29
33 30
33 31
33 32
33 33
33 34
33 35
33 37
33 38
34 1
34 2
34 4
34 6
34 8
34 10
34 20
34 35
34 37
34 38
35 1
35 2
35 4
35 6
35 7
35 8
35 10
35 11
35 12
35 13
35 14
35 15
35 16
35 17
35 18
35 19
35 20
35 21
35 22
35 23
35 24
35 25
35 26
35 27
35 28
35 29
35 30
35 31
35 32
35 33
35 34
35 35
35 37
35 38
36 1
36 2
36 4
36 37
36 38
37 1
37 2
37 3
37 4
37 5
37 6
37 7
37 8
37 9
37 10
37 11
37 12
37 13
37 14
37 15
37 16
37 17
37 18
37 19
37 20
37 21
37 22
37 23
37 24
37 25
37 26
37 27
37 28
37 29
37 30
37 31
37 32
37 33
37 34
37 35
37 36
37 37
37 38
38 1
38 2
38 3
38 4
38 5
38 6
38 7
38 8
38 9
38 10
38 11
38 12
38 13
38 14
38 15
38 16
38 17
38 18
38 19
38 20
38 21
38 22
38 23
38 24
38 25
38 26
38 27
38 28
38 29
38 30
38 31
38 32
38 33
38 34
38 35
38 36
38 37
38 38

