37 37
1 1
11 35
1 3
1 4
1 5
1 6
1 7
1 9
1 10
1 11
1 12
1 13
1 14
1 15
1 16
1 17
1 18
1 19
1 21
1 23
1 24
1 25
1 26
1 27
1 28
1 29
1 31
1 32
1 33
1 34
1 35
2 1
2 3
2 7
2 11
2 17
2 21
2 23
2 29
2 31
2 33
2 35
3 1
3 3
3 4
3 5
3 7
3 8
3 9
3 11
3 13
3 14
3 15
3 17
3 18
3 19
3 21
3 22
3 23
3 25
3 26
3 27
3 29
3 31
3 33
3 35
4 1
4 5
4 9
4 11
4 15
4 17
4 19
4 21
4 25
4 29
4 31
4 33
4 35
5 1
5 2
5 3
5 5
5 6
5 7
5 9
5 11
5 13
5 14
5 15
5 17
5 19
5 20
5 21
5 23
5 24
5 25
5 26
5 27
5 28
5 29
5 31
5 33
5 35
6 3
6 5
6 7
6 11
6 13
6 19
6 21
6 23
6 33
6 35
7 1
7 2
7 3
7 5
7 7
7 9
7 10
7 11
7 12
7 13
7 15
7 16
7 17
7 19
7 21
7 23
7 24
7 25
7 27
7 29
7 30
7 31
7 32
7 33
7 35
8 1
8 5
8 7
8 9
8 15
8 17
8 21
8 25
8 27
8 31
8 35
9 1
9 3
9 5
9 7
9 9
9 11
9 13
9 14
9 15
9 17
9 18
9 19
9 20
9 21
9 23
9 24
9 25
9 27
9 28
9 29
9 30
9 31
9 33
9 34
9 35
10 1
10 3
10 5
10 7
10 9
10 11
10 13
10 23
10 29
10 35
11 1
11 3
11 5
11 7
11 8
11 9
11 10
11 11
11 13
11 14
11 15
11 16
11 17
11 19
11 21
11 23
11 25
11 26
11 27
11 29
11 30
11 31
11 32
11 33
12 1
12 3
12 5
12 17
12 19
12 21
12 23
12 25
12 27
12 31
12 33
13 1
13 3
13 4
13 5
13 7
13 8
13 9
13 10
13 11
13 12
13 13
13 15
13 16
13 17
13 19
13 20
13 21
13 22
13 23
13 24
13 25
13 27
13 29
13 30
13 31
13 33
13 34
13 35
14 1
14 3
14 7
14 13
14 15
14 17
14 27
14 33
15 1
15 3
15 4
15 5
15 7
15 8
15 9
15 11
15 12
15 13
15 14
15 15
15 17
15 19
15 20
15 21
15 22
15 23
15 24
15 25
15 27
15 28
15 29
15 30
15 31
15 33
15 34
15 35
16 1
16 3
16 9
16 17
16 19
16 25
16 27
16 31
16 35
17 1
17 3
17 5
17 6
17 7
17 9
17 10
17 11
17 12
17 13
17 14
17 15
17 17
17 19
17 21
17 23
17 25
17 27
17 29
17 30
17 31
17 32
17 33
17 35
18 1
18 3
18 7
18 15
18 19
18 21
18 23
18 25
18 33
18 35
19 1
19 3
19 4
19 5
19 6
19 7
19 8
19 9
19 10
19 11
19 13
19 15
19 16
19 17
19 19
19 21
19 22
19 23
19 25
19 26
19 27
19 28
19 29
19 30
19 31
19 33
19 35
20 1
20 11
20 13
20 15
20 19
20 23
20 31
20 33
20 35
21 1
21 2
21 3
21 4
21 5
21 6
21 7
21 9
21 10
21 11
21 13
21 15
21 16
21 17
21 18
21 19
21 20
21 21
21 23
21 24
21 25
21 27
21 29
21 31
21 33
21 34
21 35
22 7
22 11
22 13
22 21
22 23
22 25
22 27
22 29
22 31
22 35
23 1
23 3
23 4
23 5
23 7
23 8
23 9
23 11
23 13
23 14
23 15
23 17
23 18
23 19
23 21
23 22
23 23
23 25
23 26
23 27
23 28
23 29
23 31
23 32
23 33
23 35
24 1
24 3
24 5
24 9
24 11
24 15
24 19
24 31
24 33
25 1
25 2
25 3
25 5
25 7
25 9
25 11
25 13
25 14
25 15
25 16
25 17
25 18
25 19
25 21
25 22
25 23
25 24
25 25
25 26
25 27
25 28
25 29
25 31
25 33
25 34
25 35
26 1
26 5
26 7
26 9
26 11
26 13
26 21
26 29
26 31
26 33
26 35
27 1
27 2
27 3
27 5
27 6
27 7
27 8
27 9
27 11
27 13
27 14
27 15
27 16
27 17
27 19
27 20
27 21
27 23
27 24
27 25
27 26
27 27
27 28
27 29
27 31
27 33
27 35
28 1
28 11
28 13
28 17
28 19
28 23
28 31
28 33
28 35
29 1
29 3
29 4
29 5
29 6
29 7
29 8
29 9
29 11
29 13
29 14
29 15
29 17
29 19
29 21
29 22
29 23
29 25
29 26
29 27
29 29
29 31
29 33
29 35
30 1
30 3
30 7
30 9
30 11
30 15
30 17
30 19
30 23
30 25
30 27
30 29
30 31
30 33
30 35
31 1
31 3
31 5
31 6
31 7
31 9
31 11
31 13
31 14
31 15
31 17
31 19
31 20
31 21
31 23
31 24
31 25
31 27
31 29
31 30
31 31
31 33
31 35
32 1
32 5
32 9
32 11
32 17
32 21
32 23
32 27
32 33
32 35
33 1
33 2
33 3
33 5
33 7
33 8
33 9
33 11
33 12
33 13
33 14
33 15
33 16
33 17
33 19
33 20
33 21
33 23
33 25
33 26
33 27
33 29
33 30
33 31
33 33
33 35
34 1
34 3
34 5
34 7
34 19
34 21
34 23
34 25
34 27
34 29
34 31
34 33
34 35
35 1
35 3
35 4
35 5
35 7
35 8
35 9
35 10
35 11
35 12
35 13
35 14
35 15
35 16
35 17
35 18
35 19
35 21
35 23
35 25
35 27
35 28
35 29
35 31
35 32
35 33
35 35


